eval_loss = 0.6333087988737971
fn = 79
fp = 74
mcc = 0.49164735977677965
tn = 739
tp = 108
