LRAP = 0.864550905107806
eval_loss = 0.41014983301251634
